#demo

x <- 42
y <- 123
